1.000000000000000000e+00 0.000000000000000000e+00 0.000000000000000000e+00
1.063063063063063085e+00 0.000000000000000000e+00 0.000000000000000000e+00
1.126126126126126170e+00 0.000000000000000000e+00 0.000000000000000000e+00
1.189189189189189255e+00 0.000000000000000000e+00 0.000000000000000000e+00
1.252252252252252340e+00 0.000000000000000000e+00 0.000000000000000000e+00
1.315315315315315203e+00 0.000000000000000000e+00 0.000000000000000000e+00
1.378378378378378288e+00 0.000000000000000000e+00 0.000000000000000000e+00
1.441441441441441373e+00 0.000000000000000000e+00 0.000000000000000000e+00
1.504504504504504458e+00 0.000000000000000000e+00 0.000000000000000000e+00
1.567567567567567544e+00 0.000000000000000000e+00 0.000000000000000000e+00
1.630630630630630629e+00 0.000000000000000000e+00 0.000000000000000000e+00
1.693693693693693714e+00 0.000000000000000000e+00 0.000000000000000000e+00
1.756756756756756577e+00 0.000000000000000000e+00 0.000000000000000000e+00
1.819819819819819884e+00 0.000000000000000000e+00 0.000000000000000000e+00
1.882882882882882747e+00 0.000000000000000000e+00 0.000000000000000000e+00
1.945945945945945832e+00 0.000000000000000000e+00 0.000000000000000000e+00
2.009009009009008917e+00 7.246396396396322308e-06 4.569794874658969185e-07
2.072072072072072224e+00 5.797117117117129675e-05 4.112815387193117424e-06
2.135135135135135087e+00 1.086959459459459112e-04 1.096750769918164082e-05
2.198198198198197950e+00 1.594207207207205324e-04 2.102105642343146270e-05
2.261261261261261257e+00 2.101454954954955060e-04 3.427346155994261188e-05
2.324324324324324120e+00 2.608702702702701002e-04 5.072472310871505447e-05
2.387387387387387427e+00 3.115950450450450738e-04 7.037484106974881419e-05
2.450450450450450290e+00 3.623198198198196679e-04 9.322381544304389782e-05
2.513513513513513153e+00 4.130445945945943162e-04 1.192716462286002579e-04
2.576576576576576461e+00 4.637693693693692898e-04 1.485183334264179758e-04
2.639639639639639768e+00 5.144941441441442092e-04 1.809638770364969701e-04
2.702702702702702631e+00 5.652189189189188575e-04 2.166082770588372952e-04
2.765765765765765494e+00 6.159436936936935059e-04 2.554515334934389509e-04
2.828828828828828357e+00 6.666684684684680458e-04 2.974936463403018289e-04
2.891891891891891664e+00 7.173932432432430194e-04 3.427346155994261188e-04
2.954954954954954971e+00 7.681180180180179930e-04 3.911744412708116582e-04
3.018018018018017834e+00 8.244391891891889989e-04 4.431660488938553191e-04
3.081081081081080697e+00 8.947513513513509530e-04 4.995917523170491197e-04
3.144144144144144004e+00 9.650635135135133408e-04 5.604515515403930056e-04
3.207207207207206867e+00 1.035375675675675403e-03 6.257454465638870311e-04
3.270270270270270174e+00 1.105687837837837683e-03 6.954734373875311963e-04
3.333333333333333037e+00 1.175999999999999745e-03 7.696355240113255010e-04
3.396396396396396344e+00 1.246312162162162025e-03 8.482317064352698369e-04
3.459459459459459207e+00 1.316624324324324087e-03 9.312619846593643124e-04
3.522522522522522515e+00 1.386936486486486583e-03 1.018726358683609036e-03
3.585585585585585378e+00 1.457248648648648429e-03 1.110624828508003899e-03
3.648648648648648241e+00 1.527560810810810275e-03 1.206957394132548902e-03
3.711711711711711548e+00 1.597872972972972771e-03 1.307724055557243827e-03
3.774774774774774411e+00 1.668185135135134833e-03 1.412924812782088892e-03
3.837837837837837718e+00 1.738497297297297113e-03 1.522559665807084097e-03
3.900900900900900581e+00 1.808809459459458958e-03 1.636628614632229441e-03
3.963963963963963888e+00 1.879121621621621455e-03 1.755131659257524708e-03
4.027027027027026307e+00 1.982489189189187359e-03 1.880153372675368506e-03
4.090090090090090058e+00 2.129930630630630546e-03 2.014473185542291732e-03
4.153153153153152921e+00 2.277372072072071565e-03 2.158091097858294387e-03
4.216216216216215784e+00 2.424813513513512583e-03 2.311007109623376254e-03
4.279279279279279535e+00 2.572254954954955337e-03 2.473221220837537333e-03
4.342342342342341510e+00 2.719696396396394187e-03 2.644733431500777623e-03
4.405405405405405261e+00 2.867137837837837374e-03 2.825543741613097560e-03
4.468468468468468124e+00 3.014579279279278393e-03 3.015652151174496275e-03
4.531531531531530987e+00 3.162020720720718978e-03 3.215058660184974635e-03
4.594594594594594739e+00 3.309462162162162165e-03 3.423763268644532641e-03
4.657657657657656713e+00 3.456903603603601015e-03 3.641765976553169425e-03
4.720720720720720465e+00 3.604345045045044202e-03 3.869066783910885855e-03
4.783783783783783328e+00 3.751786486486484787e-03 4.105665690717680630e-03
4.846846846846846191e+00 3.899227927927925805e-03 4.351562696973555050e-03
4.909909909909909942e+00 4.046669369369369426e-03 4.606757802678509983e-03
4.972972972972972805e+00 4.194110810810810011e-03 4.871251007832542827e-03
5.036036036036035668e+00 4.414013513513511712e-03 5.149611936869778056e-03
5.099099099099098531e+00 4.688262162162159033e-03 5.445267808115804471e-03
5.162162162162161394e+00 4.962510810810807221e-03 5.758218621570622940e-03
5.225225225225225145e+00 5.236759459459458879e-03 6.088464377234234330e-03
5.288288288288288008e+00 5.511008108108106200e-03 6.436005075106636907e-03
5.351351351351350871e+00 5.785256756756753521e-03 6.800840715187832404e-03
5.414414414414413734e+00 6.059505405405401710e-03 7.182971297477819955e-03
5.477477477477477485e+00 6.333754054054053367e-03 7.582396821976598693e-03
5.540540540540540349e+00 6.608002702702700688e-03 7.999117288684170352e-03
5.603603603603603212e+00 6.882251351351348009e-03 8.433132697600534064e-03
5.666666666666666075e+00 7.156499999999996198e-03 8.884443048725690698e-03
5.729729729729728938e+00 7.430748648648644386e-03 9.353048342059640252e-03
5.792792792792792689e+00 7.704997297297296044e-03 9.838948577602380993e-03
5.855855855855855552e+00 7.979245945945942498e-03 1.034214375535391119e-02
5.918918918918918415e+00 8.253494594594590686e-03 1.086263387531423777e-02
5.981981981981981278e+00 8.527743243243238874e-03 1.140041893748335380e-02
6.045045045045045029e+00 9.152138288288286239e-03 1.197758022364745281e-02
6.108108108108107892e+00 9.916591891891887375e-03 1.260295024652101012e-02
6.171171171171170755e+00 1.068104549549548851e-02 1.327652900610402226e-02
6.234234234234233618e+00 1.144549909909909138e-02 1.399831650239649269e-02
6.297297297297296481e+00 1.220995270270269252e-02 1.476831273539842317e-02
6.360360360360360232e+00 1.297440630630630407e-02 1.558651770510981020e-02
6.423423423423423095e+00 1.373885990990990520e-02 1.645293141153065380e-02
6.486486486486485958e+00 1.450331351351350634e-02 1.736755385466095744e-02
6.549549549549548821e+00 1.526776711711710921e-02 1.833038503450071244e-02
6.612612612612611684e+00 1.603222072072070861e-02 1.934142495104992920e-02
6.675675675675675436e+00 1.679667432432432189e-02 2.040067360430860427e-02
6.738738738738738299e+00 1.756112792792792476e-02 2.150813099427673417e-02
6.801801801801801162e+00 1.832558153153152417e-02 2.266379712095432236e-02
6.864864864864864025e+00 1.909003513513512357e-02 2.386767198434137233e-02
6.927927927927927776e+00 1.985448873873873685e-02 2.511975558443787712e-02
6.990990990990990639e+00 2.061894234234233625e-02 2.642004792124384022e-02
7.054054054054053502e+00 2.147668783783783161e-02 2.777443226122846762e-02
7.117117117117116365e+00 2.234998198198197283e-02 2.918388914880328672e-02
7.180180180180179228e+00 2.322327612612611406e-02 3.064841858396830099e-02
7.243243243243242979e+00 2.409657027027026568e-02 3.216802056672351390e-02
7.306306306306305842e+00 2.496986441441440691e-02 3.374269509706891851e-02
7.369369369369368705e+00 2.584315855855854813e-02 3.537244217500452176e-02
7.432432432432431568e+00 2.671645270270268935e-02 3.705726180053032365e-02
7.495495495495495319e+00 2.758974684684684445e-02 3.879715397364632418e-02
7.558558558558558182e+00 2.846304099099098567e-02 4.059211869435251641e-02
7.621621621621621046e+00 2.933633513513512689e-02 4.244215596264890034e-02
7.684684684684683909e+00 3.020962927927926811e-02 4.434726577853548291e-02
7.747747747747746772e+00 3.108292342342340933e-02 4.630744814201226411e-02
7.810810810810810523e+00 3.195621756756756443e-02 4.832270305307924396e-02
7.873873873873873386e+00 3.282951171171170218e-02 5.039303051173640857e-02
7.936936936936936249e+00 3.370280585585584687e-02 5.251843051798377182e-02
7.999999999999999112e+00 3.457609999999998462e-02 5.469890307182133371e-02
8.063063063063061975e+00 3.551111081081079202e-02 5.693834021132686968e-02
8.126126126126125726e+00 3.644612162162161328e-02 5.923674193650037972e-02
8.189189189189189477e+00 3.738113243243243455e-02 6.159410824734186385e-02
8.252252252252251452e+00 3.831614324324322807e-02 6.401043914385132205e-02
8.315315315315313427e+00 3.925115405405402158e-02 6.648573462602874740e-02
8.378378378378378954e+00 4.018616486486487061e-02 6.901999469387413988e-02
8.441441441441440929e+00 4.112117567567566412e-02 7.161321934738751338e-02
8.504504504504502904e+00 4.205618648648645763e-02 7.426540858656886790e-02
8.567567567567566655e+00 4.299119729729727890e-02 7.697656241141818956e-02
8.630630630630630407e+00 4.392620810810810017e-02 7.974668082193546448e-02
8.693693693693692381e+00 4.486121891891889368e-02 8.257576381812072042e-02
8.756756756756756133e+00 4.579622972972971495e-02 8.546381139997394349e-02
8.819819819819819884e+00 4.673124054054053622e-02 8.841082356749513371e-02
8.882882882882881859e+00 4.766625135135132973e-02 9.141680032068430495e-02
8.945945945945945610e+00 4.860126216216215100e-02 9.448174165954144332e-02
9.009009009009007585e+00 4.936553108108108351e-02 9.759488008833799855e-02
9.072072072072071336e+00 4.910534864864864874e-02 1.006916106327025301e-01
9.135135135135135087e+00 4.884516621621621396e-02 1.037719332926350518e-01
9.198198198198197062e+00 4.858498378378378613e-02 1.068358480681355777e-01
9.261261261261260813e+00 4.832480135135134441e-02 1.098833549592040798e-01
9.324324324324322788e+00 4.806461891891891658e-02 1.129144539658405860e-01
9.387387387387386539e+00 4.780443648648648181e-02 1.159291450880450824e-01
9.450450450450450290e+00 4.754425405405404703e-02 1.189274283258175552e-01
9.513513513513512265e+00 4.728407162162161920e-02 1.219093036791580320e-01
9.576576576576576016e+00 4.702388918918918442e-02 1.248747711480664990e-01
9.639639639639637991e+00 4.676370675675675659e-02 1.278238307325429424e-01
9.702702702702701743e+00 4.650352432432432181e-02 1.307564824325873898e-01
9.765765765765765494e+00 4.624334189189188704e-02 1.336727262481998135e-01
9.828828828828827469e+00 4.598315945945945921e-02 1.365725621793802413e-01
9.891891891891891220e+00 4.572297702702702443e-02 1.394559902261286455e-01
9.954954954954954971e+00 4.546279459459458966e-02 1.423230103884450537e-01
1.001801801801801695e+01 4.533210315315314848e-02 1.451817887565427789e-01
1.008108108108108070e+01 4.552513918918918434e-02 1.480527405559551313e-01
1.014414414414414267e+01 4.571817522522522020e-02 1.509358657866821385e-01
1.020720720720720642e+01 4.591121126126125607e-02 1.538311644487238006e-01
1.027027027027027017e+01 4.610424729729729887e-02 1.567386365420800898e-01
1.033333333333333215e+01 4.629728333333332779e-02 1.596582820667510061e-01
1.039639639639639590e+01 4.649031936936937059e-02 1.625901010227366050e-01
1.045945945945945788e+01 4.668335540540539952e-02 1.655340934100368033e-01
1.052252252252252163e+01 4.687639144144144232e-02 1.684902592286516843e-01
1.058558558558558538e+01 4.706942747747747818e-02 1.714585984785811645e-01
1.064864864864864735e+01 4.726246351351351405e-02 1.744391111598253274e-01
1.071171171171171110e+01 4.745549954954954991e-02 1.774317972723840897e-01
1.077477477477477308e+01 4.764853558558558577e-02 1.804366568162575346e-01
1.083783783783783683e+01 4.784157162162162163e-02 1.834536897914455789e-01
1.090090090090090058e+01 4.803460765765765750e-02 1.864828961979482780e-01
1.096396396396396256e+01 4.822764369369369336e-02 1.895242760357656320e-01
1.102702702702702631e+01 4.853232702702702656e-02 1.925848701182764078e-01
1.109009009009009006e+01 4.898587342342342749e-02 1.956740661966523964e-01
1.115315315315315203e+01 4.943941981981981454e-02 1.987918642708935701e-01
1.121621621621621578e+01 4.989296621621621547e-02 2.019382643409999012e-01
1.127927927927927776e+01 5.034651261261260252e-02 2.051132664069714451e-01
1.134234234234234151e+01 5.080005900900900345e-02 2.083168704688081740e-01
1.140540540540540526e+01 5.125360540540540438e-02 2.115490765265100603e-01
1.146846846846846724e+01 5.170715180180179144e-02 2.148098845800771595e-01
1.153153153153153099e+01 5.216069819819819237e-02 2.180992946295094437e-01
1.159459459459459296e+01 5.261424459459457942e-02 2.214173066748069130e-01
1.165765765765765671e+01 5.306779099099098035e-02 2.247639207159695673e-01
1.172072072072072046e+01 5.352133738738738128e-02 2.281391367529974068e-01
1.178378378378378244e+01 5.397488378378376833e-02 2.315429547858904313e-01
1.184684684684684619e+01 5.442843018018016926e-02 2.349753748146486410e-01
1.190990990990990817e+01 5.488197657657655631e-02 2.384363968392720357e-01
1.197297297297297192e+01 5.533552297297295725e-02 2.419260208597606154e-01
1.203603603603603567e+01 5.538993783783783403e-02 2.454190764448084816e-01
1.209909909909909764e+01 5.514500405405405037e-02 2.488966857709362379e-01
1.216216216216216139e+01 5.490007027027026670e-02 2.523588488381439121e-01
1.222522522522522337e+01 5.465513648648648998e-02 2.558055656464314209e-01
1.228828828828828712e+01 5.441020270270269937e-02 2.592368361957987921e-01
1.235135135135135087e+01 5.416526891891891571e-02 2.626526604862460257e-01
1.241441441441441285e+01 5.392033513513513898e-02 2.660530385177731771e-01
1.247747747747747660e+01 5.367540135135134838e-02 2.694379702903801910e-01
1.254054054054054035e+01 5.343046756756756471e-02 2.728074558040670117e-01
1.260360360360360232e+01 5.318553378378378105e-02 2.761614950588337503e-01
1.266666666666666607e+01 5.294059999999999738e-02 2.795000880546804067e-01
1.272972972972972805e+01 5.269566621621622066e-02 2.828232347916069811e-01
1.279279279279279180e+01 5.245073243243243005e-02 2.861309352696133623e-01
1.285585585585585555e+01 5.220579864864864639e-02 2.894231894886996059e-01
1.291891891891891753e+01 5.196086486486486966e-02 2.926999974488657674e-01
1.298198198198198128e+01 5.171593108108107906e-02 2.959613591501117913e-01
1.304504504504504325e+01 5.157729909909909705e-02 2.992139783028402999e-01
1.310810810810810700e+01 5.148118783783783847e-02 3.024605363912123424e-01
1.317117117117117076e+01 5.138507657657657296e-02 3.057010334152279740e-01
1.323423423423423273e+01 5.128896531531531439e-02 3.089354693748871949e-01
1.329729729729729648e+01 5.119285405405405581e-02 3.121638442701899496e-01
1.336036036036035846e+01 5.109674279279279724e-02 3.153861581011362381e-01
1.342342342342342221e+01 5.100063153153153866e-02 3.186024108677260602e-01
1.348648648648648596e+01 5.090452027027027315e-02 3.218126025699594717e-01
1.354954954954954793e+01 5.080840900900901458e-02 3.250167332078364169e-01
1.361261261261261168e+01 5.071229774774775600e-02 3.282148027813569513e-01
1.367567567567567366e+01 5.061618648648649743e-02 3.314068112905209640e-01
1.373873873873873741e+01 5.052007522522523192e-02 3.345927587353285659e-01
1.380180180180180116e+01 5.042396396396397334e-02 3.377726451157797571e-01
1.386486486486486314e+01 5.032785270270271477e-02 3.409464704318744821e-01
1.392792792792792689e+01 5.023174144144145620e-02 3.441142346836127408e-01
1.399099099099099064e+01 5.013563018018019068e-02 3.472759378709945888e-01
1.405405405405405261e+01 5.002475945945947244e-02 3.504306492182453492e-01
1.411711711711711636e+01 4.991142882882883963e-02 3.535782135960693351e-01
1.418018018018017834e+01 4.979809819819821376e-02 3.567186310044663800e-01
1.424324324324324209e+01 4.968476756756758095e-02 3.598519014434367058e-01
1.430630630630630584e+01 4.957143693693694814e-02 3.629780249129800906e-01
1.436936936936936782e+01 4.945810630630631533e-02 3.660970014130967010e-01
1.443243243243243157e+01 4.934477567567568251e-02 3.692088309437864257e-01
1.449549549549549354e+01 4.923144504504505664e-02 3.723135135050493760e-01
1.455855855855855729e+01 4.911811441441442383e-02 3.754110490968854963e-01
1.462162162162162105e+01 4.900478378378379102e-02 3.785014377192947310e-01
1.468468468468468302e+01 4.889145315315315821e-02 3.815846793722771357e-01
1.474774774774774677e+01 4.877812252252252539e-02 3.846607740558327104e-01
1.481081081081080875e+01 4.866479189189189952e-02 3.877297217699615106e-01
1.487387387387387250e+01 4.855146126126126671e-02 3.907915225146633698e-01
1.493693693693693625e+01 4.843813063063063390e-02 3.938461762899384544e-01
1.499999999999999822e+01 4.832480000000000109e-02 3.968936830957867090e-01
1.506306306306306197e+01 4.813239144144144249e-02 3.999290560409317630e-01
1.512612612612612395e+01 4.793998288288289084e-02 4.029522951253735608e-01
1.518918918918918770e+01 4.774757432432433224e-02 4.059634003491121579e-01
1.525225225225225145e+01 4.755516576576576671e-02 4.089623717121475543e-01
1.531531531531531343e+01 4.736275720720721505e-02 4.119492092144796946e-01
1.537837837837837718e+01 4.717034864864865645e-02 4.149239128561086898e-01
1.544144144144144093e+01 4.697794009009009092e-02 4.178864826370344288e-01
1.550450450450450290e+01 4.678553153153153926e-02 4.208369185572569671e-01
1.556756756756756666e+01 4.659312297297297373e-02 4.237752206167763047e-01
1.563063063063062863e+01 4.640071441441442207e-02 4.267013888155923862e-01
1.569369369369369238e+01 4.620830585585586348e-02 4.296154231537052670e-01
1.575675675675675613e+01 4.601589729729729794e-02 4.325173236311149472e-01
1.581981981981981811e+01 4.582348873873874628e-02 4.354070902478214267e-01
1.588288288288288186e+01 4.563108018018018769e-02 4.382847230038247055e-01
1.594594594594594383e+01 4.543867162162162909e-02 4.411502218991247282e-01
1.600900900900900581e+01 4.527470225225225381e-02 4.440053803942760613e-01
1.607207207207207134e+01 4.528136801801802003e-02 4.468609592526061047e-01
1.613513513513513331e+01 4.528803378378378625e-02 4.497169584741149140e-01
1.619819819819819884e+01 4.529469954954955246e-02 4.525733780588023225e-01
1.626126126126126081e+01 4.530136531531531868e-02 4.554302180066684413e-01
1.632432432432432279e+01 4.530803108108108490e-02 4.582874783177132705e-01
1.638738738738738476e+01 4.531469684684685112e-02 4.611451589919367544e-01
1.645045045045044674e+01 4.532136261261261040e-02 4.640032600293389486e-01
1.651351351351351227e+01 4.532802837837837662e-02 4.668617814299197977e-01
1.657657657657657779e+01 4.533469414414414284e-02 4.697207231936793570e-01
1.663963963963963977e+01 4.534135990990990905e-02 4.725800853206175711e-01
1.670270270270270174e+01 4.534802567567567527e-02 4.754398678107344955e-01
1.676576576576576372e+01 4.535469144144144149e-02 4.783000706640301303e-01
1.682882882882882569e+01 4.536135720720720771e-02 4.811606938805044198e-01
1.689189189189189122e+01 4.536802297297297393e-02 4.840217374601574196e-01
1.695495495495495319e+01 4.537468873873874015e-02 4.868832014029890742e-01
1.701801801801801517e+01 4.534478063063063918e-02 4.897427792508340927e-01
1.708108108108108070e+01 4.522343783783783905e-02 4.925947048582792753e-01
1.714414414414414267e+01 4.510209504504505279e-02 4.954389782253245111e-01
1.720720720720720465e+01 4.498075225225225959e-02 4.982755993519699111e-01
1.727027027027027017e+01 4.485940945945945946e-02 5.011045682382153643e-01
1.733333333333333215e+01 4.473806666666667320e-02 5.039258848840609817e-01
1.739639639639639412e+01 4.461672387387388000e-02 5.067395492895067077e-01
1.745945945945945965e+01 4.449538108108107987e-02 5.095455614545524314e-01
1.752252252252252163e+01 4.437403828828829361e-02 5.123439213791983748e-01
1.758558558558558360e+01 4.425269549549550041e-02 5.151346290634444269e-01
1.764864864864864558e+01 4.413135270270271415e-02 5.179176845072905877e-01
1.771171171171171110e+01 4.401000990990991402e-02 5.206930877107367461e-01
1.777477477477477308e+01 4.388866711711712082e-02 5.234608386737831243e-01
1.783783783783783505e+01 4.376732432432433456e-02 5.262209373964296111e-01
1.790090090090090058e+01 4.364598153153153443e-02 5.289733838786762066e-01
1.796396396396396256e+01 4.352463873873874123e-02 5.317181781205227997e-01
1.802702702702702453e+01 4.351515135135134577e-02 5.344623740592698846e-01
1.809009009009009006e+01 4.365480450450450606e-02 5.372153769446506022e-01
1.815315315315315203e+01 4.379445765765765941e-02 5.399771867766653966e-01
1.821621621621621401e+01 4.393411081081080582e-02 5.427478035553139346e-01
1.827927927927927598e+01 4.407376396396395918e-02 5.455272272805963274e-01
1.834234234234234151e+01 4.421341711711711253e-02 5.483154579525126859e-01
1.840540540540540349e+01 4.435307027027026588e-02 5.511124955710628992e-01
1.846846846846846546e+01 4.449272342342341924e-02 5.539183401362469672e-01
1.853153153153153099e+01 4.463237657657657259e-02 5.567329916480648899e-01
1.859459459459459296e+01 4.477202972972972594e-02 5.595564501065166674e-01
1.865765765765765494e+01 4.491168288288287236e-02 5.623887155116024106e-01
1.872072072072072046e+01 4.505133603603603265e-02 5.652297878633218975e-01
1.878378378378378244e+01 4.519098918918918600e-02 5.680796671616752391e-01
1.884684684684684441e+01 4.533064234234233242e-02 5.709383534066625465e-01
1.890990990990990994e+01 4.547029549549549271e-02 5.738058465982837086e-01
1.897297297297297192e+01 4.560994864864864606e-02 5.766821467365386145e-01
1.903603603603603389e+01 4.533653153153154730e-02 5.795412043714569528e-01
1.909909909909909587e+01 4.475331171171173517e-02 5.823634824155603518e-01
1.916216216216216139e+01 4.417009189189189527e-02 5.851489808688490335e-01
1.922522522522522337e+01 4.358687207207208314e-02 5.878976997313229980e-01
1.928828828828828534e+01 4.300365225225227794e-02 5.906096390029820231e-01
1.935135135135135087e+01 4.242043243243243111e-02 5.932847986838263310e-01
1.941441441441441285e+01 4.183721261261262592e-02 5.959231787738559216e-01
1.947747747747747482e+01 4.125399279279281378e-02 5.985247792730705729e-01
1.954054054054054035e+01 4.067077297297297389e-02 6.010896001814705070e-01
1.960360360360360232e+01 4.008755315315316176e-02 6.036176414990556127e-01
1.966666666666666430e+01 3.950433333333334962e-02 6.061089032258260012e-01
1.972972972972972627e+01 3.892111351351354442e-02 6.085633853617814504e-01
1.979279279279279180e+01 3.833789369369369759e-02 6.109810879069222933e-01
1.985585585585585378e+01 3.775467387387389240e-02 6.133620108612481969e-01
1.991891891891891575e+01 3.717145405405408026e-02 6.157061542247593833e-01
1.998198198198198128e+01 3.658823423423424037e-02 6.180135179974557413e-01
2.004504504504504325e+01 3.646523738738738363e-02 6.203131252201433687e-01
2.010810810810810523e+01 3.652632972972972430e-02 6.226165851091446379e-01
2.017117117117117076e+01 3.658742207207207192e-02 6.249238976644595489e-01
2.023423423423423273e+01 3.664851441441441260e-02 6.272350628860881017e-01
2.029729729729729470e+01 3.670960675675675328e-02 6.295500807740302962e-01
2.036036036036036023e+01 3.677069909909910089e-02 6.318689513282862436e-01
2.042342342342342221e+01 3.683179144144144157e-02 6.341916745488557217e-01
2.048648648648648418e+01 3.689288378378378225e-02 6.365182504357388416e-01
2.054954954954954616e+01 3.695397612612612293e-02 6.388486789889356032e-01
2.061261261261261168e+01 3.701506846846847054e-02 6.411829602084460067e-01
2.067567567567567366e+01 3.707616081081081122e-02 6.435210940942700519e-01
2.073873873873873563e+01 3.713725315315315190e-02 6.458630806464077390e-01
2.080180180180180116e+01 3.719834549549549951e-02 6.482089198648590678e-01
2.086486486486486314e+01 3.725943783783784019e-02 6.505586117496240384e-01
2.092792792792792511e+01 3.732053018018018087e-02 6.529121563007025397e-01
2.099099099099099064e+01 3.738162252252252155e-02 6.552695535180947939e-01
2.105405405405405261e+01 3.712730945945946770e-02 6.576109129910887585e-01
2.111711711711711459e+01 3.682042882882884116e-02 6.599329196512323525e-01
2.118018018018018012e+01 3.651354819819820074e-02 6.622355734985255760e-01
2.124324324324324209e+01 3.620666756756757421e-02 6.645188745329685398e-01
2.130630630630630407e+01 3.589978693693694767e-02 6.667828227545611330e-01
2.136936936936936604e+01 3.559290630630632113e-02 6.690274181633033557e-01
2.143243243243243157e+01 3.528602567567568071e-02 6.712526607591953187e-01
2.149549549549549354e+01 3.497914504504505417e-02 6.734585505422368001e-01
2.155855855855855552e+01 3.467226441441442764e-02 6.756450875124280220e-01
2.162162162162162105e+01 3.436538378378378722e-02 6.778122716697689842e-01
2.168468468468468302e+01 3.405850315315316068e-02 6.799601030142595759e-01
2.174774774774774500e+01 3.375162252252253414e-02 6.820885815458997969e-01
2.181081081081081052e+01 3.344474189189189373e-02 6.841977072646896474e-01
2.187387387387387250e+01 3.313786126126126719e-02 6.862874801706292383e-01
2.193693693693693447e+01 3.283098063063064065e-02 6.883579002637185695e-01
2.199999999999999645e+01 3.252410000000001411e-02 6.904089675439574192e-01
2.206306306306306197e+01 3.251356846846847198e-02 6.924593706742356858e-01
2.212612612612612395e+01 3.250303693693693680e-02 6.945091096545533693e-01
2.218918918918918592e+01 3.249250540540540855e-02 6.965581844849103588e-01
2.225225225225225145e+01 3.248197387387387336e-02 6.986065951653066541e-01
2.231531531531531343e+01 3.247144234234234511e-02 7.006543416957422554e-01
2.237837837837837540e+01 3.246091081081080992e-02 7.027014240762172737e-01
2.244144144144144093e+01 3.245037927927928167e-02 7.047478423067315978e-01
2.250450450450450290e+01 3.243984774774774649e-02 7.067935963872853389e-01
2.256756756756756488e+01 3.242931621621621824e-02 7.088386863178783859e-01
2.263063063063063041e+01 3.241878468468468305e-02 7.108831120985108498e-01
2.269369369369369238e+01 3.240825315315315480e-02 7.129268737291826197e-01
2.275675675675675436e+01 3.239772162162161961e-02 7.149699712098938065e-01
2.281981981981981633e+01 3.238719009009009137e-02 7.170124045406441882e-01
2.288288288288288186e+01 3.237665855855855618e-02 7.190541737214339868e-01
2.294594594594594383e+01 3.236612702702702793e-02 7.210952787522632024e-01
2.300900900900900581e+01 3.233985990990991682e-02 7.231347272999163467e-01
2.307207207207207134e+01 3.221917927927928083e-02 7.251665653651012677e-01
2.313513513513513331e+01 3.209849864864865177e-02 7.271907929478179655e-01
2.319819819819819529e+01 3.197781801801802271e-02 7.292074100480664400e-01
2.326126126126126081e+01 3.185713738738738671e-02 7.312164166658465803e-01
2.332432432432432279e+01 3.173645675675675765e-02 7.332178128011586082e-01
2.338738738738738476e+01 3.161577612612613553e-02 7.352115984540023019e-01
2.345045045045044674e+01 3.149509549549550647e-02 7.371977736243778834e-01
2.351351351351351227e+01 3.137441486486487047e-02 7.391763383122852415e-01
2.357657657657657424e+01 3.125373423423424141e-02 7.411472925177242654e-01
2.363963963963963621e+01 3.113305360360361235e-02 7.431106362406950661e-01
2.370270270270270174e+01 3.101237297297297635e-02 7.450663694811976434e-01
2.376576576576576372e+01 3.089169234234235076e-02 7.470144922392318865e-01
2.382882882882882569e+01 3.077101171171172170e-02 7.489550045147981283e-01
2.389189189189189122e+01 3.065033108108108570e-02 7.508879063078959248e-01
2.395495495495495319e+01 3.052965045045045664e-02 7.528131976185256091e-01
2.401801801801801517e+01 3.041040585585586334e-02 7.547309690074257560e-01
2.408108108108108070e+01 3.029475135135135597e-02 7.566414468764438572e-01
2.414414414414414267e+01 3.017909684684685206e-02 7.585446312255796908e-01
2.420720720720720465e+01 3.006344234234235163e-02 7.604405220548332567e-01
2.427027027027026662e+01 2.994778783783784773e-02 7.623291193642046659e-01
2.433333333333333215e+01 2.983213333333333689e-02 7.642104231536938075e-01
2.439639639639639412e+01 2.971647882882883646e-02 7.660844334233006814e-01
2.445945945945945610e+01 2.960082432432433255e-02 7.679511501730255096e-01
2.452252252252252163e+01 2.948516981981982171e-02 7.698105734028679592e-01
2.458558558558558360e+01 2.936951531531532128e-02 7.716627031128281411e-01
2.464864864864864558e+01 2.925386081081081738e-02 7.735075393029061663e-01
2.471171171171171110e+01 2.913820630630630654e-02 7.753450819731020349e-01
2.477477477477477308e+01 2.902255180180180610e-02 7.771753311234156358e-01
2.483783783783783505e+01 2.890689729729730220e-02 7.789982867538469691e-01
2.490090090090089703e+01 2.879124279279279830e-02 7.808139488643960346e-01
2.496396396396396256e+01 2.867558828828829093e-02 7.826223174550630546e-01
2.502702702702702453e+01 2.850712162162162902e-02 7.844200620325271212e-01
2.509009009009008651e+01 2.826823873873875181e-02 7.862027419390275051e-01
2.515315315315315203e+01 2.802935585585586073e-02 7.879703571745642066e-01
2.521621621621621401e+01 2.779047297297298005e-02 7.897229077391371144e-01
2.527927927927927598e+01 2.755159009009010285e-02 7.914603936327464506e-01
2.534234234234234151e+01 2.731270720720721176e-02 7.931828148553919933e-01
2.540540540540540349e+01 2.707382432432433109e-02 7.948901714070738533e-01
2.546846846846846546e+01 2.683494144144145388e-02 7.965824632877920308e-01
2.553153153153153099e+01 2.659605855855856280e-02 7.982596904975466368e-01
2.559459459459459296e+01 2.635717567567568212e-02 7.999218530363374491e-01
2.565765765765765494e+01 2.611829279279280491e-02 8.015689509041645788e-01
2.572072072072071691e+01 2.587940990990992771e-02 8.032009841010280260e-01
2.578378378378378244e+01 2.564052702702703315e-02 8.048179526269279016e-01
2.584684684684684441e+01 2.540164414414415595e-02 8.064198564818639836e-01
2.590990990990990639e+01 2.516276126126127874e-02 8.080066956658363830e-01
2.597297297297297192e+01 2.492387837837838419e-02 8.095784701788450999e-01
2.603603603603603389e+01 2.476541711711712293e-02 8.111402516495203052e-01
2.609909909909909587e+01 2.466727207207208145e-02 8.126958437993346829e-01
2.616216216216216139e+01 2.456912702702702955e-02 8.142452466282882328e-01
2.622522522522522337e+01 2.447098198198198807e-02 8.157884601363809551e-01
2.628828828828828534e+01 2.437283693693694311e-02 8.173254843236129608e-01
2.635135135135134732e+01 2.427469189189190163e-02 8.188563191899840277e-01
2.641441441441441285e+01 2.417654684684684974e-02 8.203809647354942669e-01
2.647747747747747482e+01 2.407840180180180825e-02 8.218994209601437895e-01
2.654054054054053680e+01 2.398025675675676330e-02 8.234116878639323733e-01
2.660360360360360232e+01 2.388211171171171487e-02 8.249177654468601295e-01
2.666666666666666430e+01 2.378396666666666992e-02 8.264176537089271690e-01
2.672972972972972627e+01 2.368582162162162844e-02 8.279113526501332698e-01
2.679279279279279180e+01 2.358767657657658001e-02 8.293988622704786540e-01
2.685585585585585378e+01 2.348953153153153506e-02 8.308801825699630994e-01
2.691891891891891575e+01 2.339138648648649010e-02 8.323553135485868282e-01
2.698198198198198128e+01 2.329324144144144168e-02 8.338242552063496182e-01
2.704504504504504325e+01 2.319531486486486882e-02 8.352870213205284555e-01
2.710810810810810523e+01 2.309747567567568133e-02 8.367436174020339568e-01
2.717117117117116720e+01 2.299963648648649384e-02 8.381940434508661220e-01
2.723423423423423273e+01 2.290179729729729941e-02 8.396382994670249511e-01
2.729729729729729470e+01 2.280395810810811191e-02 8.410763854505104442e-01
2.736036036036035668e+01 2.270611891891892442e-02 8.425083014013224902e-01
2.742342342342342221e+01 2.260827972972973346e-02 8.439340473194612002e-01
2.748648648648648418e+01 2.251044054054054597e-02 8.453536232049266852e-01
2.754954954954954616e+01 2.241260135135135848e-02 8.467670290577188341e-01
2.761261261261261168e+01 2.231476216216216751e-02 8.481742648778375360e-01
2.767567567567567366e+01 2.221692297297298002e-02 8.495753306652830128e-01
2.773873873873873563e+01 2.211908378378379253e-02 8.509702264200550426e-01
2.780180180180179761e+01 2.202124459459460504e-02 8.523589521421536253e-01
2.786486486486486314e+01 2.192340540540541061e-02 8.537415078315790939e-01
2.792792792792792511e+01 2.182556621621622311e-02 8.551178934883311156e-01
2.799099099099098709e+01 2.172772702702703562e-02 8.564881091124099122e-01
2.805405405405405261e+01 2.161159054054054632e-02 8.578510008213772187e-01
2.811711711711711459e+01 2.149240450450451423e-02 8.592063763014934352e-01
2.818018018018017656e+01 2.137321846846847867e-02 8.605542355527586729e-01
2.824324324324324209e+01 2.125403243243243617e-02 8.618945785751727096e-01
2.830630630630630407e+01 2.113484639639640408e-02 8.632274053687357673e-01
2.836936936936936604e+01 2.101566036036036852e-02 8.645527159334477352e-01
2.843243243243243157e+01 2.089647432432432950e-02 8.658705102693087241e-01
2.849549549549549354e+01 2.077728828828829394e-02 8.671807883763185121e-01
2.855855855855855552e+01 2.065810225225225838e-02 8.684835502544773211e-01
2.862162162162161749e+01 2.053891621621622629e-02 8.697787959037850403e-01
2.868468468468468302e+01 2.041973018018018379e-02 8.710665253242416695e-01
2.874774774774774500e+01 2.030054414414414823e-02 8.723467385158472087e-01
2.881081081081080697e+01 2.018135810810811615e-02 8.736194354786016580e-01
2.887387387387387250e+01 2.006217207207207365e-02 8.748846162125051285e-01
2.893693693693693447e+01 1.994298603603604156e-02 8.761422807175575089e-01
2.899999999999999645e+01 1.982380000000000600e-02 8.773924289937587995e-01
2.906306306306306197e+01 1.966582702702703023e-02 8.786326150205503449e-01
2.912612612612612395e+01 1.950785405405405792e-02 8.798628387979321452e-01
2.918918918918918592e+01 1.934988108108108909e-02 8.810831003259044225e-01
2.925225225225224790e+01 1.919190810810812026e-02 8.822933996044668437e-01
2.931531531531531343e+01 1.903393513513514101e-02 8.834937366336196307e-01
2.937837837837837540e+01 1.887596216216216871e-02 8.846841114133626727e-01
2.944144144144143738e+01 1.871798918918919988e-02 8.858645239436958585e-01
2.950450450450450290e+01 1.856001621621622064e-02 8.870349742246194102e-01
2.956756756756756488e+01 1.840204324324325180e-02 8.881954622561332169e-01
2.963063063063062685e+01 1.824407027027027950e-02 8.893459880382373894e-01
2.969369369369369238e+01 1.808609729729730026e-02 8.904865515709317059e-01
2.975675675675675436e+01 1.792812432432433142e-02 8.916171528542162772e-01
2.981981981981981633e+01 1.777015135135136259e-02 8.927377918880912144e-01
2.988288288288288186e+01 1.761217837837838335e-02 8.938484686725564066e-01
2.994594594594594383e+01 1.745420540540541104e-02 8.949491832076117426e-01
3.000900900900900581e+01 1.730348378378379279e-02 8.960403927852192973e-01
3.007207207207206778e+01 1.719627027027027799e-02 8.971248411571495218e-01
3.013513513513513331e+01 1.708905675675676319e-02 8.982025283234025270e-01
3.019819819819819529e+01 1.698184324324324840e-02 8.992734542839783130e-01
3.026126126126125726e+01 1.687462972972973707e-02 9.003376190388767686e-01
3.032432432432432279e+01 1.676741621621621881e-02 9.013950225880981160e-01
3.038738738738738476e+01 1.666020270270270748e-02 9.024456649316421331e-01
3.045045045045044674e+01 1.655298918918919615e-02 9.034895460695090419e-01
3.051351351351351227e+01 1.644577567567567788e-02 9.045266660016986204e-01
3.057657657657657424e+01 1.633856216216216656e-02 9.055570247282109797e-01
3.063963963963963621e+01 1.623134864864865523e-02 9.065806222490460087e-01
3.070270270270270174e+01 1.612413513513513696e-02 9.075974585642039294e-01
3.076576576576576372e+01 1.601692162162162564e-02 9.086075336736845198e-01
3.082882882882882569e+01 1.590970810810811431e-02 9.096108475774880020e-01
3.089189189189188767e+01 1.580249459459460298e-02 9.106074002756141539e-01
3.095495495495495319e+01 1.569528108108108472e-02 9.115971917680630865e-01
3.101801801801801517e+01 1.557708648648649212e-02 9.125795295549313790e-01
3.108108108108107714e+01 1.543143918918919721e-02 9.135526823864607016e-01
3.114414414414414267e+01 1.528579189189189537e-02 9.145166502626509430e-01
3.120720720720720465e+01 1.514014459459460046e-02 9.154714331835022145e-01
3.127027027027026662e+01 1.499449729729730556e-02 9.164170311490145160e-01
3.133333333333333215e+01 1.484885000000000198e-02 9.173534441591877364e-01
3.139639639639639412e+01 1.470320270270270707e-02 9.182806722140219868e-01
3.145945945945945610e+01 1.455755540540541390e-02 9.191987153135172672e-01
3.152252252252251807e+01 1.441190810810811899e-02 9.201075734576734666e-01
3.158558558558558360e+01 1.426626081081081542e-02 9.210072466464905849e-01
3.164864864864864558e+01 1.412061351351352051e-02 9.218977348799687332e-01
3.171171171171170755e+01 1.397496621621622560e-02 9.227790381581079115e-01
3.177477477477477308e+01 1.382931891891892376e-02 9.236511564809080088e-01
3.183783783783783505e+01 1.368367162162162885e-02 9.245140898483690250e-01
3.190090090090089703e+01 1.353802432432433395e-02 9.253678382604911823e-01
3.196396396396396256e+01 1.339237702702703037e-02 9.262124017172742585e-01
3.202702702702702453e+01 1.325391621621622128e-02 9.270482334201072261e-01
3.209009009009008651e+01 1.312503738738739559e-02 9.278759376375085299e-01
3.215315315315315559e+01 1.299615855855855429e-02 9.286955143694783921e-01
3.221621621621621046e+01 1.286727972972974247e-02 9.295069636160163684e-01
3.227927927927927954e+01 1.273840090090090117e-02 9.303102853771229030e-01
3.234234234234233440e+01 1.260952207207208763e-02 9.311054796527977739e-01
3.240540540540540349e+01 1.248064324324324806e-02 9.318925464430410921e-01
3.246846846846846546e+01 1.235176441441442063e-02 9.326714857478527465e-01
3.253153153153152743e+01 1.222288558558559321e-02 9.334422975672327372e-01
3.259459459459459651e+01 1.209400675675675191e-02 9.342049819011811751e-01
3.265765765765765138e+01 1.196512792792794010e-02 9.349595387496979493e-01
3.272072072072072046e+01 1.183624909909909879e-02 9.357059681127831707e-01
3.278378378378378244e+01 1.170737027027027310e-02 9.364442699904367284e-01
3.284684684684684441e+01 1.157849144144144568e-02 9.371744443826588444e-01
3.290990990990990639e+01 1.144961261261261999e-02 9.378964912894490746e-01
3.297297297297296836e+01 1.132073378378379257e-02 9.386104107108078631e-01
3.303603603603603034e+01 1.121163873873874672e-02 9.393174502714686236e-01
3.309909909909909942e+01 1.111738153153153143e-02 9.400185456899816661e-01
3.316216216216216139e+01 1.102312432432432480e-02 9.407136969663467685e-01
3.322522522522522337e+01 1.092886711711711992e-02 9.414029041005641529e-01
3.328828828828828534e+01 1.083460990990991503e-02 9.420861670926337084e-01
3.335135135135134732e+01 1.074035270270270841e-02 9.427634859425554348e-01
3.341441441441440929e+01 1.064609549549550352e-02 9.434348606503293322e-01
3.347747747747747127e+01 1.055183828828829690e-02 9.441002912159554006e-01
3.354054054054054035e+01 1.045758108108108160e-02 9.447597776394336400e-01
3.360360360360360232e+01 1.036332387387387671e-02 9.454133199207641614e-01
3.366666666666666430e+01 1.026906666666667009e-02 9.460609180599468537e-01
3.372972972972972627e+01 1.017480945945946520e-02 9.467025720569816061e-01
3.379279279279278825e+01 1.008055225225226031e-02 9.473382819118687515e-01
3.385585585585585022e+01 9.986295045045053692e-03 9.479680476246081788e-01
3.391891891891891930e+01 9.892037837837838396e-03 9.485918691951996662e-01
3.398198198198198128e+01 9.797780630630633508e-03 9.492097466236433245e-01
3.404504504504504325e+01 9.729435585585588520e-03 9.498233140085913240e-01
3.410810810810810523e+01 9.671455405405409572e-03 9.504332249895044438e-01
3.417117117117116720e+01 9.613475225225230625e-03 9.510394795663826839e-01
3.423423423423422918e+01 9.555495045045049943e-03 9.516420777392261554e-01
3.429729729729729115e+01 9.497514864864870995e-03 9.522410195080347473e-01
3.436036036036036023e+01 9.439534684684685109e-03 9.528363048728084594e-01
3.442342342342342221e+01 9.381554504504506162e-03 9.534279338335472920e-01
3.448648648648648418e+01 9.323574324324327214e-03 9.540159063902513559e-01
3.454954954954954616e+01 9.265594144144148267e-03 9.546002225429205401e-01
3.461261261261260813e+01 9.207613963963969320e-03 9.551808822915548447e-01
3.467567567567567011e+01 9.149633783783788638e-03 9.557578856361542696e-01
3.473873873873873919e+01 9.091653603603604486e-03 9.563312325767188149e-01
3.480180180180180116e+01 9.033673423423423804e-03 9.569009231132487026e-01
3.486486486486486314e+01 8.975693243243244857e-03 9.574669572457435995e-01
3.492792792792792511e+01 8.917713063063065909e-03 9.580293349742036169e-01
3.499099099099098709e+01 8.859732882882886962e-03 9.585880562986288655e-01
3.505405405405404906e+01 8.790920270270275588e-03 9.591424380933453175e-01
3.511711711711711104e+01 8.720302252252259967e-03 9.596923665040743012e-01
3.518018018018018012e+01 8.649684234234233937e-03 9.602378415308154835e-01
3.524324324324324209e+01 8.579066216216218316e-03 9.607788631735690865e-01
3.530630630630630407e+01 8.508448198198200960e-03 9.613154314323351102e-01
3.536936936936936604e+01 8.437830180180183604e-03 9.618475463071134435e-01
3.543243243243242802e+01 8.367212162162167982e-03 9.623752077979041974e-01
3.549549549549548999e+01 8.296594144144150626e-03 9.628984159047072611e-01
3.555855855855855197e+01 8.225976126126133270e-03 9.634171706275228564e-01
3.562162162162162105e+01 8.155358108108108975e-03 9.639314719663507613e-01
3.568468468468468302e+01 8.084740090090091619e-03 9.644413199211909760e-01
3.574774774774774500e+01 8.014122072072074263e-03 9.649467144920436112e-01
3.581081081081080697e+01 7.943504054054058641e-03 9.654476556789086672e-01
3.587387387387386894e+01 7.872886036036041285e-03 9.659441434817860328e-01
3.593693693693693092e+01 7.802268018018023929e-03 9.664361779006758191e-01
3.600000000000000000e+01 7.731649999999999634e-03 9.669237589355779150e-01
3.606306306306306197e+01 7.689911711711711929e-03 9.674087078288544639e-01
3.612612612612612395e+01 7.648173423423424225e-03 9.678910245805055768e-01
3.618918918918918592e+01 7.606435135135136520e-03 9.683707091905312536e-01
3.625225225225224790e+01 7.564696846846849683e-03 9.688477616589314945e-01
3.631531531531530987e+01 7.522958558558561978e-03 9.693221819857061883e-01
3.637837837837837185e+01 7.481220270270274274e-03 9.697939701708553351e-01
3.644144144144144093e+01 7.439481981981982232e-03 9.702631262143790458e-01
3.650450450450450290e+01 7.397743693693694528e-03 9.707296501162773206e-01
3.656756756756756488e+01 7.356005405405406823e-03 9.711935418765500483e-01
3.663063063063062685e+01 7.314267117117119119e-03 9.716548014951973400e-01
3.669369369369368883e+01 7.272528828828831414e-03 9.721134289722190847e-01
3.675675675675675080e+01 7.230790540540543709e-03 9.725694243076155043e-01
3.681981981981981988e+01 7.189052252252251668e-03 9.730227875013863770e-01
3.688288288288288186e+01 7.147313963963963963e-03 9.734735185535317026e-01
3.694594594594594383e+01 7.105575675675676259e-03 9.739216174640515922e-01
3.700900900900900581e+01 7.063653603603605065e-03 9.743670726429894957e-01
3.707207207207206778e+01 7.020628828828831200e-03 9.748098145506061130e-01
3.713513513513512976e+01 6.977604054054057335e-03 9.752498431869014439e-01
3.719819819819819173e+01 6.934579279279283470e-03 9.756871585518754886e-01
3.726126126126126081e+01 6.891554504504504401e-03 9.761217606455282469e-01
3.732432432432432279e+01 6.848529729729730536e-03 9.765536494678598300e-01
3.738738738738738476e+01 6.805504954954955804e-03 9.769828250188700158e-01
3.745045045045044674e+01 6.762480180180181939e-03 9.774092872985589153e-01
3.751351351351350871e+01 6.719455405405408074e-03 9.778330363069266395e-01
3.757657657657657069e+01 6.676430630630634210e-03 9.782540720439730775e-01
3.763963963963963977e+01 6.633405855855855141e-03 9.786723945096982291e-01
3.770270270270270174e+01 6.590381081081081276e-03 9.790880037041020945e-01
3.776576576576576372e+01 6.547356306306307411e-03 9.795008996271846735e-01
3.782882882882882569e+01 6.504331531531533546e-03 9.799110822789459663e-01
3.789189189189188767e+01 6.461306756756759681e-03 9.803185516593859727e-01
3.795495495495494964e+01 6.418281981981984949e-03 9.807233077685048039e-01
3.801801801801801162e+01 6.351727477477489558e-03 9.811238667509839528e-01
3.808108108108108070e+01 6.226348648648649155e-03 9.815165189685274294e-01
3.814414414414414267e+01 6.100969819819822629e-03 9.819012644211350116e-01
3.820720720720720465e+01 5.975590990990996103e-03 9.822781031088069215e-01
3.827027027027026662e+01 5.850212162162168709e-03 9.826470350315432700e-01
3.833333333333332860e+01 5.724833333333342184e-03 9.830080601893438352e-01
3.839639639639639057e+01 5.599454504504515658e-03 9.833611785822087281e-01
3.845945945945945255e+01 5.474075675675689132e-03 9.837063902101378376e-01
3.852252252252252163e+01 5.348696846846847860e-03 9.840436950731311638e-01
3.858558558558558360e+01 5.223318018018021335e-03 9.843730931711889287e-01
3.864864864864864558e+01 5.097939189189194809e-03 9.846945845043110213e-01
3.871171171171170755e+01 4.972560360360368283e-03 9.850081690724973305e-01
3.877477477477476953e+01 4.847181531531541757e-03 9.853138468757478563e-01
3.883783783783783150e+01 4.721802702702714363e-03 9.856116179140627098e-01
3.890090090090090058e+01 4.596423873873873960e-03 9.859014821874420020e-01
3.896396396396396256e+01 4.471045045045047434e-03 9.861834396958853999e-01
3.902702702702702453e+01 4.372520270270271840e-03 9.864591839365725034e-01
3.909009009009008651e+01 4.309800900900904140e-03 9.867309729057425205e-01
3.915315315315314848e+01 4.247081531531535573e-03 9.869988066033953400e-01
3.921621621621621046e+01 4.184362162162167005e-03 9.872626850295310730e-01
3.927927927927927243e+01 4.121642792792799305e-03 9.875226081841496084e-01
3.934234234234234151e+01 4.058923423423423799e-03 9.877785760672510573e-01
3.940540540540540349e+01 3.996204054054055231e-03 9.880305886788353087e-01
3.946846846846846546e+01 3.933484684684687531e-03 9.882786460189025846e-01
3.953153153153152743e+01 3.870765315315318963e-03 9.885227480874525519e-01
3.959459459459458941e+01 3.808045945945950830e-03 9.887628948844853216e-01
3.965765765765765138e+01 3.745326576576582262e-03 9.889990864100010048e-01
3.972072072072072046e+01 3.682607207207207189e-03 9.892313226639996016e-01
3.978378378378378244e+01 3.619887837837838622e-03 9.894596036464810007e-01
3.984684684684684441e+01 3.557168468468470488e-03 9.896839293574452023e-01
3.990990990990990639e+01 3.494449099099102354e-03 9.899042997968923174e-01
3.997297297297296836e+01 3.431729729729733787e-03 9.901207149648223460e-01
4.003603603603603034e+01 3.380541891891895336e-03 9.903339020741946941e-01
4.009909909909909231e+01 3.338002702702706857e-03 9.905444065347289717e-01
4.016216216216216139e+01 3.295463513513513607e-03 9.907522283464251789e-01
4.022522522522522337e+01 3.252924324324325128e-03 9.909573675092832046e-01
4.028828828828828534e+01 3.210385135135136649e-03 9.911598240233033819e-01
4.035135135135134732e+01 3.167845945945948170e-03 9.913595978884853777e-01
4.041441441441440929e+01 3.125306756756760125e-03 9.915566891048294140e-01
4.047747747747747127e+01 3.082767567567571212e-03 9.917510976723353799e-01
4.054054054054054035e+01 3.040228378378377963e-03 9.919428235910031644e-01
4.060360360360360232e+01 2.997689189189189918e-03 9.921318668608331004e-01
4.066666666666666430e+01 2.955150000000001439e-03 9.923182274818248549e-01
4.072972972972972627e+01 2.912610810810812960e-03 9.925019054539785390e-01
4.079279279279278825e+01 2.870071621621624481e-03 9.926829007772941527e-01
4.085585585585585022e+01 2.827532432432436002e-03 9.928612134517716958e-01
4.091891891891891220e+01 2.784993243243247523e-03 9.930368434774111686e-01
4.098198198198198128e+01 2.742454054054054274e-03 9.932097908542126818e-01
4.104504504504504325e+01 2.696516216216217170e-03 9.933798412532004463e-01
4.110810810810810523e+01 2.649218918918921049e-03 9.935469089427839684e-01
4.117117117117116720e+01 2.601921621621624495e-03 9.937109939229633593e-01
4.123423423423422918e+01 2.554624324324327941e-03 9.938720961937387299e-01
4.129729729729729115e+01 2.507327027027031387e-03 9.940302157551099693e-01
4.136036036036036023e+01 2.460029729729729629e-03 9.941853526070769664e-01
4.142342342342342221e+01 2.412732432432433075e-03 9.943375067496400543e-01
4.148648648648648418e+01 2.365435135135136521e-03 9.944866781827989000e-01
4.154954954954954616e+01 2.318137837837840401e-03 9.946328669065536143e-01
4.161261261261260813e+01 2.270840540540543847e-03 9.947760729209044195e-01
4.167567567567567011e+01 2.223543243243247293e-03 9.949162962258508713e-01
4.173873873873873208e+01 2.176245945945950739e-03 9.950535368213934140e-01
4.180180180180180116e+01 2.128948648648648981e-03 9.951877947075317143e-01
4.186486486486486314e+01 2.081651351351352427e-03 9.953190698842659945e-01
4.192792792792792511e+01 2.034354054054055873e-03 9.954473623515961433e-01
4.199099099099098709e+01 1.987056756756759753e-03 9.955726721095221610e-01
4.205405405405404906e+01 1.963183783783785125e-03 9.956964763661815265e-01
4.211711711711711104e+01 1.943214864864866755e-03 9.958190213229304311e-01
4.218018018018017301e+01 1.923245945945948167e-03 9.959403069797689856e-01
4.224324324324324209e+01 1.903277027027027411e-03 9.960603333366971901e-01
4.230630630630630407e+01 1.883308108108108824e-03 9.961791003937148226e-01
4.236936936936936604e+01 1.863339189189190236e-03 9.962966081508221050e-01
4.243243243243242802e+01 1.843370270270271649e-03 9.964128566080189264e-01
4.249549549549548999e+01 1.823401351351353061e-03 9.965278457653053978e-01
4.255855855855855197e+01 1.803432432432434474e-03 9.966415756226814082e-01
4.262162162162162105e+01 1.783463513513513718e-03 9.967540461801470686e-01
4.268468468468468302e+01 1.763494594594595130e-03 9.968652574377022679e-01
4.274774774774774500e+01 1.743525675675676543e-03 9.969752093953470062e-01
4.281081081081080697e+01 1.723556756756757955e-03 9.970839020530812835e-01
4.287387387387386894e+01 1.703587837837839368e-03 9.971913354109053218e-01
4.293693693693693092e+01 1.683618918918920781e-03 9.972975094688188991e-01
4.299999999999999289e+01 1.663650000000002193e-03 9.974024242268220153e-01
4.306306306306306197e+01 1.626017117117117871e-03 9.975049657423759042e-01
4.312612612612612395e+01 1.588384234234235500e-03 9.976051340154805658e-01
4.318918918918918592e+01 1.550751351351353346e-03 9.977029290461360000e-01
4.325225225225224790e+01 1.513118468468470975e-03 9.977983508343423180e-01
4.331531531531530987e+01 1.475485585585588821e-03 9.978913993800994087e-01
4.337837837837837185e+01 1.437852702702706667e-03 9.979820746834072720e-01
4.344144144144144093e+01 1.400219819819820176e-03 9.980703767442659080e-01
4.350450450450450290e+01 1.362586936936938022e-03 9.981563055626754277e-01
4.356756756756756488e+01 1.324954054054055651e-03 9.982398611386357201e-01
4.363063063063062685e+01 1.287321171171173281e-03 9.983210434721467852e-01
4.369369369369368883e+01 1.249688288288291127e-03 9.983998525632086229e-01
4.375675675675675080e+01 1.212055405405408973e-03 9.984762884118213444e-01
4.381981981981981278e+01 1.174422522522526602e-03 9.985503510179848385e-01
4.388288288288288186e+01 1.136789639639640328e-03 9.986220403816991054e-01
4.394594594594594383e+01 1.099156756756757957e-03 9.986913565029641449e-01
4.400900900900900581e+01 1.061595045045046933e-03 9.987583038700474924e-01
4.407207207207206778e+01 1.024460360360362901e-03 9.988229094125540275e-01
4.413513513513512976e+01 9.873256756756788703e-04 9.988851731304837500e-01
4.419819819819819173e+01 9.501909909909947308e-04 9.989450950238366600e-01
4.426126126126126081e+01 9.130563063063064713e-04 9.990026750926127574e-01
4.432432432432432279e+01 8.759216216216224402e-04 9.990579133368120424e-01
4.438738738738738476e+01 8.387869369369384091e-04 9.991108097564345147e-01
4.445045045045044674e+01 8.016522522522543780e-04 9.991613643514801746e-01
4.451351351351350871e+01 7.645175675675703469e-04 9.992095771219490219e-01
4.457657657657657069e+01 7.273828828828863158e-04 9.992554480678409456e-01
4.463963963963963266e+01 6.902481981982022848e-04 9.992989771891561679e-01
4.470270270270270174e+01 6.531135135135140253e-04 9.993401644858945776e-01
4.476576576576576372e+01 6.159788288288299942e-04 9.993790099580561748e-01
4.482882882882882569e+01 5.788441441441458547e-04 9.994155136056409594e-01
4.489189189189188767e+01 5.417094594594619320e-04 9.994496754286489315e-01
4.495495495495494964e+01 5.045747747747777925e-04 9.994814954270800911e-01
4.501801801801801162e+01 4.719382882882904094e-04 9.995112572708021448e-01
4.508108108108107359e+01 4.505472972972997692e-04 9.995396701344844148e-01
4.514414414414414267e+01 4.291563063063067438e-04 9.995667340181269012e-01
4.520720720720720465e+01 4.077653153153161037e-04 9.995924489217294928e-01
4.527027027027026662e+01 3.863743243243255177e-04 9.996168148452921898e-01
4.533333333333332860e+01 3.649833333333348776e-04 9.996398317888151031e-01
4.539639639639639057e+01 3.435923423423442374e-04 9.996614997522982327e-01
4.545945945945945255e+01 3.222013513513536515e-04 9.996818187357415786e-01
4.552252252252252163e+01 3.008103603603606260e-04 9.997007887391449188e-01
4.558558558558558360e+01 2.794193693693699859e-04 9.997184097625084753e-01
4.564864864864864558e+01 2.580283783783793999e-04 9.997346818058321372e-01
4.571171171171170755e+01 2.366373873873887598e-04 9.997496048691160153e-01
4.577477477477476953e+01 2.152463963963981738e-04 9.997631789523599988e-01
4.583783783783783150e+01 1.938554054054075337e-04 9.997754040555640875e-01
4.590090090090089348e+01 1.724644144144168935e-04 9.997862801787285036e-01
4.596396396396396256e+01 1.510734234234238681e-04 9.997958073218530251e-01
4.602702702702702453e+01 1.355081081081084072e-04 9.998043528695160775e-01
4.609009009009008651e+01 1.277103603603607824e-04 9.998124066678220068e-01
4.615315315315314848e+01 1.199126126126131848e-04 9.998199687167709238e-01
4.621621621621621046e+01 1.121148648648655601e-04 9.998270390163627175e-01
4.627927927927927243e+01 1.043171171171179489e-04 9.998336175665973879e-01
4.634234234234234151e+01 9.651936936936947038e-05 9.998397043674749352e-01
4.640540540540540349e+01 8.872162162162184566e-05 9.998452994189954701e-01
4.646846846846846546e+01 8.092387387387423448e-05 9.998504027211588818e-01
4.653153153153152743e+01 7.312612612612662331e-05 9.998550142739651703e-01
4.659459459459458941e+01 6.532837837837901214e-05 9.998591340774144465e-01
4.665765765765765138e+01 5.753063063063140097e-05 9.998627621315065994e-01
4.672072072072071336e+01 4.973288288288377624e-05 9.998658984362415181e-01
4.678378378378378244e+01 4.193513513513528416e-05 9.998685429916195355e-01
4.684684684684684441e+01 3.413738738738767299e-05 9.998706957976404297e-01
4.690990990990990639e+01 2.633963963964006181e-05 9.998723568543042006e-01
4.697297297297296836e+01 1.854189189189245064e-05 9.998735261616108483e-01
4.703603603603603034e+01 1.488108108108113136e-05 9.998744646072096343e-01
4.709909909909909231e+01 1.432297297297303304e-05 9.998753678568373937e-01
4.716216216216216139e+01 1.376486486486487203e-05 9.998762359104943487e-01
4.722522522522522337e+01 1.320675675675677371e-05 9.998770687681802771e-01
4.728828828828828534e+01 1.264864864864867539e-05 9.998778664298951790e-01
4.735135135135134732e+01 1.209054054054057537e-05 9.998786288956391655e-01
4.741441441441440929e+01 1.153243243243247705e-05 9.998793561654122364e-01
4.747747747747747127e+01 1.097432432432437872e-05 9.998800482392141697e-01
4.754054054054053324e+01 1.041621621621628040e-05 9.998807051170452986e-01
4.760360360360360232e+01 9.858108108108119396e-06 9.998813267989052900e-01
4.766666666666666430e+01 9.300000000000021073e-06 9.998819132847944768e-01
4.772972972972972627e+01 8.741891891891922749e-06 9.998824645747125262e-01
4.779279279279278825e+01 8.183783783783824426e-06 9.998829806686597710e-01
4.785585585585585022e+01 7.625675675675726102e-06 9.998834615666358783e-01
4.791891891891891220e+01 7.067567567567627779e-06 9.998839072686411811e-01
4.798198198198197417e+01 6.509459459459529456e-06 9.998843177746754574e-01
4.804504504504504325e+01 6.138288288288297014e-06 9.998847048735426402e-01
4.810810810810810523e+01 5.841891891891905622e-06 9.998850732807641473e-01
4.817117117117116720e+01 5.545495495495514231e-06 9.998854229963400897e-01
4.823423423423422918e+01 5.249099099099122839e-06 9.998857540202703564e-01
4.829729729729729115e+01 4.952702702702732295e-06 9.998860663525551695e-01
4.836036036036035313e+01 4.656306306306340904e-06 9.998863599931943069e-01
4.842342342342342221e+01 4.359909909909915631e-06 9.998866349421878796e-01
4.848648648648648418e+01 4.063513513513524239e-06 9.998868911995357767e-01
4.854954954954954616e+01 3.767117117117133272e-06 9.998871287652382200e-01
4.861261261261260813e+01 3.470720720720741880e-06 9.998873476392948767e-01
4.867567567567567011e+01 3.174324324324350912e-06 9.998875478217060797e-01
4.873873873873873208e+01 2.877927927927959521e-06 9.998877293124717180e-01
4.880180180180179406e+01 2.581531531531568129e-06 9.998878921115915697e-01
4.886486486486486314e+01 2.285135135135143704e-06 9.998880362190659676e-01
4.892792792792792511e+01 1.988738738738752312e-06 9.998881616348946899e-01
4.899099099099098709e+01 1.692342342342360921e-06 9.998882683590778475e-01
4.905405405405404906e+01 1.855405405405386445e-06 9.998883853665068155e-01
4.911711711711711104e+01 2.095045045045022006e-06 9.998885174863301195e-01
4.918018018018017301e+01 2.334684684684657356e-06 9.998886647185475374e-01
4.924324324324324209e+01 2.574324324324320235e-06 9.998888270631594022e-01
4.930630630630630407e+01 2.813963963963955584e-06 9.998890045201654919e-01
4.936936936936936604e+01 3.053603603603590934e-06 9.998891970895659176e-01
4.943243243243242802e+01 3.293243243243226707e-06 9.998894047713606792e-01
4.949549549549548999e+01 3.532882882882862057e-06 9.998896275655497767e-01
4.955855855855855197e+01 3.772522522522497407e-06 9.998898654721330992e-01
4.962162162162161394e+01 4.012162162162133180e-06 9.998901184911108686e-01
4.968468468468468302e+01 4.251801801801795211e-06 9.998903866224828629e-01
4.974774774774774500e+01 4.491441441441430985e-06 9.998906698662491932e-01
4.981081081081080697e+01 4.731081081081066758e-06 9.998909682224098594e-01
4.987387387387386894e+01 4.970720720720702531e-06 9.998912816909648615e-01
4.993693693693693092e+01 5.210360360360337457e-06 9.998916102719140886e-01
4.999999999999999289e+01 5.449999999999973231e-06 9.998919539652576516e-01
5.006306306306306197e+01 5.437387387387387882e-06 9.998922968632121266e-01
5.012612612612612395e+01 5.424774774774775428e-06 9.998926389657774028e-01
5.018918918918918592e+01 5.412162162162162975e-06 9.998929802729534799e-01
5.025225225225224790e+01 5.399549549549550521e-06 9.998933207847403581e-01
5.031531531531530987e+01 5.386936936936938067e-06 9.998936605011381484e-01
5.037837837837837185e+01 5.374324324324326461e-06 9.998939994221467398e-01
5.044144144144143382e+01 5.361711711711714007e-06 9.998943375477660211e-01
5.050450450450450290e+01 5.349099099099099859e-06 9.998946748779963256e-01
5.056756756756756488e+01 5.336486486486487405e-06 9.998950114128374311e-01
5.063063063063062685e+01 5.323873873873874952e-06 9.998953471522892267e-01
5.069369369369368883e+01 5.311261261261262498e-06 9.998956820963519343e-01
5.075675675675675080e+01 5.298648648648650044e-06 9.998960162450255540e-01
5.081981981981981278e+01 5.286036036036037591e-06 9.998963495983098637e-01
5.088288288288288186e+01 5.273423423423424290e-06 9.998966821562050855e-01
5.094594594594594383e+01 5.260810810810811836e-06 9.998970139187111084e-01
5.100900900900900581e+01 5.296846846846831083e-06 9.998973479537576203e-01
5.107207207207206778e+01 5.624774774774753185e-06 9.998977026689226388e-01
5.113513513513512976e+01 5.952702702702675287e-06 9.998980780642061639e-01
5.119819819819819173e+01 6.280630630630597389e-06 9.998984741396083065e-01
5.126126126126125371e+01 6.608558558558519491e-06 9.998988908951289556e-01
5.132432432432432279e+01 6.936486486486478863e-06 9.998993283307681113e-01
5.138738738738738476e+01 7.264414414414400965e-06 9.998997864465257734e-01
5.145045045045044674e+01 7.592342342342323067e-06 9.999002652424020532e-01
5.151351351351350871e+01 7.920270270270245169e-06 9.999007647183968395e-01
5.157657657657657069e+01 8.248198198198167271e-06 9.999012848745101323e-01
5.163963963963963266e+01 8.576126126126089373e-06 9.999018257107419316e-01
5.170270270270269464e+01 8.904054054054013170e-06 9.999023872270923485e-01
5.176576576576576372e+01 9.231981981981972541e-06 9.999029694235612720e-01
5.182882882882882569e+01 9.559909909909894643e-06 9.999035723001487019e-01
5.189189189189188767e+01 9.887837837837816745e-06 9.999041958568546384e-01
5.195495495495494964e+01 1.021576576576573885e-05 9.999048400936791925e-01
5.201801801801801162e+01 1.048333333333332162e-05 9.999055012041169199e-01
5.208108108108107359e+01 1.059999999999998660e-05 9.999061696719044878e-01
5.214414414414414267e+01 1.071666666666666345e-05 9.999068454970420072e-01
5.220720720720720465e+01 1.083333333333332843e-05 9.999075286795292561e-01
5.227027027027026662e+01 1.094999999999999342e-05 9.999082192193664564e-01
5.233333333333332860e+01 1.106666666666665840e-05 9.999089171165534973e-01
5.239639639639639057e+01 1.118333333333332339e-05 9.999096223710904896e-01
5.245945945945945255e+01 1.129999999999998668e-05 9.999103349829772114e-01
5.252252252252251452e+01 1.141666666666665166e-05 9.999110549522138847e-01
5.258558558558558360e+01 1.153333333333333020e-05 9.999117822788003984e-01
5.264864864864864558e+01 1.164999999999999518e-05 9.999125169627367526e-01
5.271171171171170755e+01 1.176666666666666017e-05 9.999132590040229474e-01
5.277477477477476953e+01 1.188333333333332515e-05 9.999140084026589825e-01
5.283783783783783150e+01 1.199999999999998845e-05 9.999147651586449692e-01
5.290090090090089348e+01 1.211666666666665343e-05 9.999155292719807964e-01
5.296396396396396256e+01 1.223333333333333197e-05 9.999163007426664640e-01
5.302702702702702453e+01 1.236756756756756179e-05 9.999170806785655508e-01
5.309009009009008651e+01 1.252522522522521704e-05 9.999178705568292358e-01
5.315315315315314848e+01 1.268288288288287228e-05 9.999186703774576301e-01
5.321621621621621046e+01 1.284054054054052753e-05 9.999194801404506228e-01
5.327927927927927243e+01 1.299819819819818109e-05 9.999202998458084357e-01
5.334234234234233440e+01 1.315585585585583633e-05 9.999211294935308469e-01
5.340540540540540349e+01 1.331351351351351022e-05 9.999219690836178565e-01
5.346846846846846546e+01 1.347117117117116377e-05 9.999228186160696863e-01
5.353153153153152743e+01 1.362882882882881902e-05 9.999236780908861144e-01
5.359459459459458941e+01 1.378648648648647426e-05 9.999245475080672518e-01
5.365765765765765138e+01 1.394414414414412951e-05 9.999254268676129875e-01
5.372072072072071336e+01 1.410180180180178476e-05 9.999263161695234325e-01
5.378378378378378244e+01 1.425945945945945695e-05 9.999272154137986979e-01
5.384684684684684441e+01 1.441711711711711220e-05 9.999281246004386725e-01
5.390990990990990639e+01 1.457477477477476575e-05 9.999290437294432454e-01
5.397297297297296836e+01 1.473243243243242100e-05 9.999299728008125276e-01
5.403603603603603034e+01 1.456036036036039871e-05 9.999308910208010159e-01
5.409909909909909231e+01 1.414099099099103653e-05 9.999317827940993331e-01
5.416216216216215429e+01 1.372162162162167435e-05 9.999326481207075901e-01
5.422522522522522337e+01 1.330225225225226474e-05 9.999334870006258980e-01
5.428828828828828534e+01 1.288288288288290425e-05 9.999342994338540347e-01
5.435135135135134732e+01 1.246351351351354038e-05 9.999350854203922223e-01
5.441441441441440929e+01 1.204414414414417989e-05 9.999358449602402388e-01
5.447747747747747127e+01 1.162477477477481771e-05 9.999365780533983061e-01
5.454054054054053324e+01 1.120540540540545553e-05 9.999372846998662023e-01
5.460360360360359522e+01 1.078603603603609335e-05 9.999379648996441494e-01
5.466666666666666430e+01 1.036666666666668374e-05 9.999386186527320364e-01
5.472972972972972627e+01 9.947297297297321558e-06 9.999392459591297522e-01
5.479279279279278825e+01 9.527927927927959379e-06 9.999398468188375189e-01
5.485585585585585022e+01 9.108558558558597199e-06 9.999404212318552254e-01
5.491891891891891220e+01 8.689189189189235019e-06 9.999409691981828718e-01
5.498198198198197417e+01 8.269819819819874534e-06 9.999414907178204581e-01
5.504504504504504325e+01 7.947297297297306826e-06 9.999419918982205280e-01
5.510810810810810523e+01 7.663513513513528735e-06 9.999424751823642321e-01
5.517117117117116720e+01 7.379729729729748951e-06 9.999429405702515705e-01
5.523423423423422918e+01 7.095945945945970013e-06 9.999433880618825432e-01
5.529729729729729115e+01 6.812162162162191075e-06 9.999438176572569281e-01
5.536036036036035313e+01 6.528378378378412137e-06 9.999442293563750583e-01
5.542342342342341510e+01 6.244594594594633200e-06 9.999446231592366008e-01
5.548648648648648418e+01 5.960810810810822922e-06 9.999449990658417775e-01
5.554954954954954616e+01 5.677027027027043137e-06 9.999453570761904775e-01
5.561261261261260813e+01 5.393243243243264199e-06 9.999456971902828117e-01
5.567567567567567011e+01 5.109459459459485262e-06 9.999460194081187803e-01
5.573873873873873208e+01 4.825675675675706324e-06 9.999463237296982721e-01
5.580180180180179406e+01 4.541891891891927386e-06 9.999466101550213981e-01
5.586486486486486314e+01 4.258108108108116261e-06 9.999468786840880474e-01
5.592792792792792511e+01 3.974324324324337324e-06 9.999471293168982200e-01
5.599099099099098709e+01 3.690540540540558386e-06 9.999473620534519158e-01
5.605405405405404906e+01 3.474324324324340840e-06 9.999475811547627879e-01
5.611711711711711104e+01 3.269369369369389103e-06 9.999477873309994269e-01
5.618018018018017301e+01 3.064414414414437789e-06 9.999479805821621659e-01
5.624324324324323499e+01 2.859459459459486475e-06 9.999481609082506717e-01
5.630630630630630407e+01 2.654504504504511868e-06 9.999483283092651664e-01
5.636936936936936604e+01 2.449549549549560554e-06 9.999484827852055391e-01
5.643243243243242802e+01 2.244594594594608817e-06 9.999486243360717896e-01
5.649549549549548999e+01 2.039639639639657503e-06 9.999487529618640291e-01
5.655855855855855197e+01 1.834684684684706189e-06 9.999488686625821465e-01
5.662162162162161394e+01 1.629729729729754875e-06 9.999489714382261418e-01
5.668468468468468302e+01 1.424774774774780268e-06 9.999490612887960150e-01
5.674774774774774500e+01 1.219819819819828954e-06 9.999491382142919882e-01
5.681081081081080697e+01 1.014864864864877217e-06 9.999492022147137282e-01
5.687387387387386894e+01 8.099099099099259030e-07 9.999492532900613462e-01
5.693693693693693092e+01 6.049549549549745891e-07 9.999492914403350641e-01
5.699999999999999289e+01 4.000000000000232753e-07 9.999493166655345489e-01
5.706306306306305487e+01 4.220720720720691818e-07 9.999493432826650485e-01
5.712612612612612395e+01 4.441441441441433581e-07 9.999493712917266741e-01
5.718918918918918592e+01 4.662162162162150462e-07 9.999494006927194256e-01
5.725225225225224790e+01 4.882882882882867343e-07 9.999494314856430810e-01
5.731531531531530987e+01 5.103603603603584224e-07 9.999494636704978623e-01
5.737837837837837185e+01 5.324324324324301105e-07 9.999494972472837695e-01
5.744144144144143382e+01 5.545045045045017986e-07 9.999495322160006916e-01
5.750450450450449580e+01 5.765765765765734867e-07 9.999495685766486286e-01
5.756756756756756488e+01 5.986486486486477159e-07 9.999496063292276915e-01
5.763063063063062685e+01 6.207207207207194040e-07 9.999496454737377693e-01
5.769369369369368883e+01 6.427927927927910921e-07 9.999496860101789730e-01
5.775675675675675080e+01 6.648648648648627802e-07 9.999497279385511916e-01
5.781981981981981278e+01 6.869369369369344682e-07 9.999497712588545362e-01
5.788288288288287475e+01 7.090090090090061563e-07 9.999498159710888956e-01
5.794594594594594383e+01 7.310810810810802797e-07 9.999498620752542699e-01
5.800900900900900581e+01 7.486486486486491384e-07 9.999499092872831119e-01
5.807207207207206778e+01 7.391891891891897982e-07 9.999499559027701379e-01
5.813513513513512976e+01 7.297297297297305638e-07 9.999500019217152369e-01
5.819819819819819173e+01 7.202702702702712235e-07 9.999500473441184090e-01
5.826126126126125371e+01 7.108108108108119891e-07 9.999500921699797651e-01
5.832432432432431568e+01 7.013513513513526488e-07 9.999501363992991942e-01
5.838738738738738476e+01 6.918918918918922498e-07 9.999501800320768075e-01
5.845045045045044674e+01 6.824324324324330154e-07 9.999502230683124937e-01
5.851351351351350871e+01 6.729729729729736751e-07 9.999502655080062530e-01
5.857657657657657069e+01 6.635135135135144407e-07 9.999503073511583073e-01
5.863963963963963266e+01 6.540540540540551004e-07 9.999503485977683237e-01
5.870270270270269464e+01 6.445945945945957601e-07 9.999503892478364131e-01
5.876576576576576372e+01 6.351351351351354670e-07 9.999504293013627976e-01
5.882882882882882569e+01 6.256756756756761267e-07 9.999504687583471441e-01
5.889189189189188767e+01 6.162162162162168923e-07 9.999505076187895636e-01
5.895495495495494964e+01 6.067567567567575520e-07 9.999505458826902782e-01
5.901801801801801162e+01 6.117117117117074985e-07 9.999505844590652615e-01
5.908108108108107359e+01 6.527027027026977612e-07 9.999506256204550025e-01
5.914414414414413557e+01 6.936936936936881299e-07 9.999506693668597235e-01
5.920720720720720465e+01 7.346846846846829454e-07 9.999507156982790912e-01
5.927027027027026662e+01 7.756756756756733141e-07 9.999507646147132167e-01
5.933333333333332860e+01 8.166666666666635769e-07 9.999508161161623221e-01
5.939639639639639057e+01 8.576576576576538396e-07 9.999508702026260742e-01
5.945945945945945255e+01 8.986486486486441024e-07 9.999509268741048063e-01
5.952252252252251452e+01 9.396396396396343652e-07 9.999509861305982961e-01
5.958558558558558360e+01 9.806306306306292866e-07 9.999510479721065437e-01
5.964864864864864558e+01 1.021621621621619549e-06 9.999511123986296601e-01
5.971171171171170755e+01 1.062612612612609812e-06 9.999511794101676454e-01
5.977477477477476953e+01 1.103603603603600075e-06 9.999512490067203885e-01
5.983783783783783150e+01 1.144594594594590338e-06 9.999513211882880004e-01
5.990090090090089348e+01 1.185585585585580812e-06 9.999513959548703701e-01
5.996396396396395545e+01 1.226576576576571075e-06 9.999514733064676086e-01
6.002702702702702453e+01 1.244594594594594886e-06 9.999515517943350362e-01
6.009009009009008651e+01 1.231981981981982644e-06 9.999516294868133759e-01
6.015315315315314848e+01 1.219369369369370190e-06 9.999517063839025166e-01
6.021621621621621046e+01 1.206756756756757737e-06 9.999517824856024584e-01
6.027927927927927243e+01 1.194144144144145495e-06 9.999518577919130902e-01
6.034234234234233440e+01 1.181531531531533041e-06 9.999519323028347451e-01
6.040540540540540349e+01 1.168918918918919105e-06 9.999520060183672010e-01
6.046846846846846546e+01 1.156306306306306863e-06 9.999520789385104580e-01
6.053153153153152743e+01 1.143693693693694409e-06 9.999521510632645160e-01
6.059459459459458941e+01 1.131081081081081956e-06 9.999522223926293751e-01
6.065765765765765138e+01 1.118468468468469714e-06 9.999522929266051463e-01
6.072072072072071336e+01 1.105855855855857260e-06 9.999523626651917185e-01
6.078378378378377533e+01 1.093243243243244806e-06 9.999524316083890918e-01
6.084684684684684441e+01 1.080630630630631082e-06 9.999524997561972661e-01
6.090990990990990639e+01 1.068018018018018628e-06 9.999525671086162415e-01
6.097297297297296836e+01 1.055405405405406175e-06 9.999526336656461289e-01
6.103603603603603034e+01 1.902252252252117445e-06 9.999527536273776773e-01
6.109909909909909231e+01 3.393693693693533742e-06 9.999529676438790871e-01
6.116216216216215429e+01 4.885135135134949404e-06 9.999532757151504692e-01
6.122522522522521626e+01 6.376576576576365066e-06 9.999536778411917126e-01
6.128828828828828534e+01 7.868018018017948440e-06 9.999541740220028174e-01
6.135135135135134732e+01 9.359459459459364949e-06 9.999547642575837836e-01
6.141441441441440929e+01 1.085090090090078146e-05 9.999554485479346111e-01
6.147747747747747127e+01 1.234234234234219627e-05 9.999562268930553000e-01
6.154054054054053324e+01 1.383378378378361278e-05 9.999570992929459612e-01
6.160360360360359522e+01 1.532522522522502590e-05 9.999580657476063728e-01
6.166666666666666430e+01 1.681666666666661013e-05 9.999591262570367567e-01
6.172972972972972627e+01 1.830810810810802494e-05 9.999602808212370020e-01
6.179279279279278825e+01 1.979954954954944314e-05 9.999615294402071086e-01
6.185585585585585022e+01 2.129099099099085796e-05 9.999628721139470766e-01
6.191891891891891220e+01 2.278243243243227277e-05 9.999643088424569060e-01
6.198198198198197417e+01 2.427387387387369098e-05 9.999658396257367077e-01
6.204504504504503615e+01 2.458513513513515720e-05 9.999673900380848801e-01
6.210810810810810523e+01 2.442432432432433296e-05 9.999689303092211823e-01
6.217117117117116720e+01 2.426351351351352227e-05 9.999704604391455032e-01
6.223423423423422918e+01 2.410270270270271496e-05 9.999719804278578428e-01
6.229729729729729115e+01 2.394189189189190766e-05 9.999734902753582011e-01
6.236036036036035313e+01 2.378108108108110036e-05 9.999749899816465781e-01
6.242342342342341510e+01 2.362027027027028967e-05 9.999764795467229739e-01
6.248648648648648418e+01 2.345945945945946543e-05 9.999779589705873883e-01
6.254954954954954616e+01 2.329864864864865474e-05 9.999794282532399325e-01
6.261261261261260813e+01 2.313783783783784743e-05 9.999808873946803844e-01
6.267567567567567011e+01 2.297702702702704013e-05 9.999823363949089661e-01
6.273873873873873208e+01 2.281621621621622944e-05 9.999837752539254554e-01
6.280180180180179406e+01 2.265540540540542214e-05 9.999852039717300745e-01
6.286486486486485603e+01 2.249459459459461484e-05 9.999866225483226012e-01
6.292792792792792511e+01 2.233378378378378720e-05 9.999880309837032577e-01
6.299099099099098709e+01 2.217297297297297990e-05 9.999894292778718219e-01
6.305405405405404906e+01 2.095270270270281119e-05 9.999907506181379135e-01
6.311711711711711104e+01 1.955585585585598851e-05 9.999919838690528584e-01
6.318018018018017301e+01 1.815900900900916583e-05 9.999931290306167675e-01
6.324324324324323499e+01 1.676216216216234314e-05 9.999941861028295298e-01
6.330630630630630407e+01 1.536531531531536122e-05 9.999951550856912563e-01
6.336936936936936604e+01 1.396846846846854023e-05 9.999960359792020581e-01
6.343243243243242802e+01 1.257162162162171755e-05 9.999968287833616021e-01
6.349549549549548999e+01 1.117477477477489486e-05 9.999975334981701103e-01
6.355855855855855197e+01 9.777927927928072182e-06 9.999981501236276937e-01
6.362162162162161394e+01 8.381081081081249499e-06 9.999986786597340194e-01
6.368468468468467591e+01 6.984234234234426816e-06 9.999991191064894203e-01
6.374774774774774500e+01 5.587387387387446585e-06 9.999994714638935633e-01
6.381081081081080697e+01 4.190540540540623902e-06 9.999997357319467817e-01
6.387387387387386894e+01 2.793693693693801220e-06 9.999999119106489642e-01
6.393693693693693092e+01 1.396846846846978537e-06 1.000000000000000000e+00
6.400000000000000000e+01 0.000000000000000000e+00 1.000000000000000000e+00
